27 195
0 0 1 1 1 1 1 1 1 0 1 0 0 0 0 1 0 1 0 1 1 1 1 1 0 1 1 
7 3
14 17
20 25
10 17
17 7
0 20
0 7
7 25
18 22
1 6
25 1
23 26
26 6
23 7
5 8
6 7
10 7
14 18
12 6
19 14
16 22
6 25
20 9
13 20
18 20
9 17
17 18
3 2
23 10
5 11
10 13
9 3
11 0
12 11
25 21
14 2
20 14
6 8
0 1
22 25
13 23
3 12
8 12
23 9
5 14
4 26
14 21
4 21
21 24
20 16
11 16
25 16
20 3
23 22
13 26
1 15
23 3
4 12
25 10
0 26
10 3
16 7
12 2
17 6
16 10
13 3
19 7
25 2
21 8
12 24
2 23
25 0
3 6
18 24
26 7
23 6
4 1
9 7
6 4
7 1
11 9
0 18
7 18
17 1
12 18
11 26
0 5
15 10
13 19
18 21
23 24
22 0
3 22
14 25
5 7
11 3
19 12
24 12
14 3
13 9
20 15
25 9
13 22
19 8
1 3
2 8
14 26
19 22
7 11
19 11
13 12
20 12
2 19
26 20
6 24
21 1
8 10
22 14
4 13
2 13
3 16
9 24
8 16
14 23
7 14
14 10
20 22
18 2
20 1
2 20
1 4
24 15
1 9
1 22
26 2
5 3
7 0
14 16
5 16
19 16
15 21
26 12
1 18
0 6
15 6
13 18
26 10
21 13
21 7
8 4
11 2
10 6
9 22
16 2
14 13
5 19
11 23
10 21
24 13
14 0
11 24
0 3
24 0
17 16
1 2
22 2
4 9
1 23
8 20
4 23
19 25
7 2
6 22
12 10
10 22
12 21
26 15
25 11
1 13
26 9
21 17
0 21
4 20
12 15
18 3
25 17
21 22
21 3
18 26
26 5
22 8
4 3
5 2
11 6
10 2
36 450
1 1 1 1 1 0 0 0 1 0 0 1 1 1 1 0 1 0 1 1 0 0 1 0 0 1 0 0 0 1 0 1 1 0 0 1 
7 3
5 31
20 25
3 35
6 28
7 25
20 7
23 26
21 6
9 0
33 3
10 7
12 17
13 20
26 12
3 2
15 34
4 5
5 24
20 32
30 16
19 13
20 14
33 34
23 19
8 12
22 12
33 4
23 9
9 19
14 8
12 8
25 16
26 23
0 14
27 6
1 15
4 12
28 1
24 33
29 4
16 7
17 6
18 5
16 29
21 8
22 7
23 6
34 26
9 20
15 10
11 26
0 5
1 0
2 7
3 22
6 1
30 2
19 27
20 28
23 33
21 17
7 34
22 30
35 34
18 22
23 31
34 21
32 13
14 26
11 19
24 9
1 25
13 25
26 3
27 10
30 5
27 32
21 26
19 6
17 10
7 27
20 1
18 17
23 20
10 5
15 24
1 18
15 6
13 18
2 25
26 10
3 4
4 7
5 6
16 2
30 22
5 32
16 24
21 13
22 2
9 15
33 26
10 12
8 20
9 17
12 10
10 22
3 13
1 13
6 12
4 20
17 4
18 3
21 22
11 32
23 0
34 24
32 8
11 6
14 17
10 17
11 28
26 28
0 7
24 4
27 17
1 6
25 1
2 5
26 6
5 8
6 7
19 29
26 32
7 6
31 5
16 22
6 25
7 28
31 35
18 20
8 2
9 3
11 21
14 2
25 10
13 23
2 28
15 33
4 26
28 15
21 24
19 8
22 23
20 3
23 22
22 9
33 7
10 3
34 4
35 25
0 21
24 18
12 13
2 23
0 11
3 6
4 1
0 33
17 1
7 18
29 33
16 26
22 0
11 3
24 25
14 12
25 20
13 9
1 3
28 29
2 8
25 32
6 2
30 31
19 22
2 34
7 11
22 33
5 23
20 17
17 28
23 2
9 24
14 23
1 4
7 0
5 16
20 24
30 35
7 30
22 18
21 7
8 4
13 33
14 30
10 6
11 23
0 16
24 13
14 0
12 16
28 19
26 15
29 18
15 35
16 15
6 22
32 34
22 21
20 13
18 13
23 16
8 17
12 15
1 22
25 17
26 22
0 13
4 3
28 0
0 35
24 32
5 2
6 9
17 7
16 28
22 6
23 7
14 18
12 6
15 11
13 7
4 10
5 11
29 30
3 23
4 16
31 24
17 18
22 25
9 30
14 21
10 29
11 16
24 8
12 27
27 21
25 5
13 26
2 1
26 2
14 33
3 28
7 2
20 26
16 10
6 29
19 7
17 11
8 6
32 3
9 7
15 25
11 9
0 18
24 15
12 18
13 19
26 13
0 8
20 35
31 14
5 7
19 12
20 15
34 0
14 9
13 12
2 19
26 20
0 15
4 13
2 13
3 16
29 34
1 32
17 5
7 14
22 34
20 22
18 2
22 4
33 28
23 1
14 16
15 21
0 6
24 3
25 2
2 4
5 9
5 19
23 32
6 24
19 0
17 16
33 21
34 18
34 12
15 18
12 21
25 11
30 10
5 28
27 35
8 34
7 26
20 2
9 35
21 3
22 8
23 13
10 2
0 20
14 4
1 17
2 22
31 8
29 8
19 14
31 22
20 9
18 9
18 35
23 10
10 13
11 0
14 15
12 11
25 21
2 17
26 18
0 1
3 12
1 12
4 15
5 14
4 21
22 32
20 16
9 32
18 26
23 3
35 4
12 2
13 3
11 31
0 24
12 24
25 0
26 7
14 34
3 27
6 4
7 1
23 34
17 22
18 21
23 24
34 16
35 13
14 25
34 10
0 31
24 12
14 3
12 23
25 9
13 22
3 0
4 27
5 26
6 17
19 11
20 12
9 33
21 1
8 10
22 14
9 11
8 16
11 13
24 19
14 10
1 23
15 3
13 15
2 20
26 9
11 35
1 9
2 14
5 3
6 8
19 16
17 0
31 16
18 7
6 34
23 4
8 23
11 2
9 22
14 13
10 21
25 27
11 24
0 3
24 0
1 2
4 9
5 12
30 28
4 23
19 25
20 18
17 19
7 32
18 24
14 20
10 28
26 27
0 26
25 6
13 27
26 5
14 32
29 24
53 1065
1 0 1 1 0 0 0 0 1 0 0 0 1 0 0 1 1 1 1 0 1 0 1 0 1 0 1 1 1 1 1 0 0 1 1 0 0 1 1 0 1 0 0 0 1 0 1 1 1 0 1 0 1 
7 3
31 6
5 31
20 25
3 35
6 28
30 41
7 49
19 4
43 3
7 25
20 7
35 41
18 19
23 26
21 6
45 9
8 5
52 29
9 0
33 3
14 31
10 7
15 30
0 17
12 17
48 39
40 22
13 20
52 17
26 12
3 2
15 34
4 5
50 27
22 48
5 24
20 32
32 23
51 34
30 16
19 13
2 47
23 41
20 14
16 50
33 34
23 19
21 15
34 41
8 12
7 44
22 12
18 36
33 4
23 9
35 26
9 19
14 8
12 8
1 21
25 16
37 16
2 18
26 23
0 14
14 50
3 11
27 6
1 15
15 43
4 12
28 1
2 12
50 18
24 33
29 4
31 45
1 33
16 7
6 14
51 24
2 38
17 6
52 44
18 5
0 52
16 29
21 8
4 48
43 23
8 51
32 16
22 7
23 6
45 37
34 26
13 44
44 46
9 20
14 19
10 19
44 41
15 10
13 6
11 26
0 5
24 2
38 22
12 29
1 0
4 11
2 7
50 13
3 22
42 33
6 1
30 2
4 17
19 27
2 33
26 34
7 4
20 28
23 33
47 36
21 17
7 34
22 30
32 39
11 39
35 34
18 22
33 22
23 31
12 32
36 37
34 21
32 13
35 8
9 29
33 8
14 26
45 48
45 40
46 18
11 19
26 25
0 28
24 9
38 9
27 20
1 25
13 25
28 23
26 3
14 38
27 10
15 39
30 5
4 24
52 50
5 29
29 48
3 37
27 32
42 8
21 26
50 46
19 6
43 39
17 10
7 27
31 29
5 39
20 1
18 17
42 18
23 20
30 49
32 4
21 35
14 29
38 46
10 5
15 24
35 23
0 19
36 16
1 18
15 6
13 18
37 21
2 25
26 10
48 19
3 4
40 18
30 12
4 7
48 40
52 14
5 6
20 34
16 2
30 22
28 45
52 39
17 3
5 32
3 48
9 37
16 24
40 37
21 13
36 43
10 34
22 2
49 28
44 27
9 15
33 26
51 0
10 12
8 20
37 52
9 17
24 23
12 10
10 22
25 22
37 30
48 10
38 29
3 13
46 34
1 13
5 15
3 19
1 39
25 34
6 12
4 20
19 20
52 46
17 4
41 7
5 41
18 3
42 4
21 22
4 50
10 45
7 39
46 6
11 32
47 51
18 29
23 0
47 7
34 24
44 28
32 8
11 6
35 5
9 26
14 17
38 50
12 1
10 17
25 31
15 20
13 4
37 7
11 28
26 28
0 7
24 4
27 17
1 6
25 1
15 50
39 17
2 5
26 6
50 11
24 42
5 8
47 34
47 37
6 7
48 24
19 29
26 32
7 6
31 5
5 18
47 20
16 22
6 25
21 31
22 44
17 23
7 28
31 35
18 20
33 20
47 12
42 31
34 19
8 2
7 35
37 38
9 3
33 14
36 13
31 30
15 29
49 37
11 21
0 30
24 11
14 2
36 50
25 10
51 7
13 23
2 28
51 45
3 1
1 49
25 44
15 33
4 26
28 15
0 42
31 2
27 34
51 33
16 13
21 24
19 8
43 7
22 23
20 3
18 15
42 16
23 22
40 32
45 5
22 9
36 46
18 41
33 7
10 3
34 4
35 25
0 21
24 18
12 13
44 12
1 16
28 38
2 23
0 11
3 6
27 5
1 10
4 1
2 49
0 33
46 49
29 7
16 4
6 11
21 33
52 6
2 43
17 1
7 18
29 33
9 43
16 26
40 39
43 18
8 48
7 40
22 0
11 45
42 37
16 48
12 46
11 3
24 25
14 12
12 4
36 25
25 20
13 9
0 2
27 26
1 3
51 31
28 29
2 8
26 42
24 37
29 0
17 33
25 32
6 2
30 31
19 22
2 34
7 11
22 33
5 23
20 17
42 2
16 17
21 20
10 43
17 28
31 36
46 4
35 33
18 27
35 50
23 2
34 22
8 47
13 40
9 24
14 23
38 48
12 3
36 0
25 29
15 22
0 25
50 23
1 4
2 3
26 4
14 35
9 46
27 9
6 5
17 9
28 50
7 0
5 16
20 24
27 47
9 41
40 21
30 40
52 22
30 35
7 30
22 18
29 45
35 38
16 46
21 7
34 17
8 4
13 33
18 44
42 49
14 30
36 15
10 6
34 11
39 50
11 23
35 18
0 16
24 13
14 0
12 16
39 8
28 19
2 26
26 15
36 45
29 18
15 35
51 29
9 48
22 51
1 41
16 15
6 22
21 38
7 48
40 4
8 37
32 34
22 21
20 13
44 2
18 13
23 16
6 40
17 32
41 35
9 10
47 18
8 17
8 45
0 23
24 20
48 49
12 15
1 22
25 17
15 2
26 22
0 13
3 8
1 8
15 40
39 31
4 3
28 0
52 5
0 35
24 32
5 2
20 46
51 40
23 51
6 9
52 35
17 7
41 2
31 19
46 25
18 4
42 25
16 28
6 35
22 6
18 30
23 7
10 8
52 4
11 5
44 45
14 18
12 6
36 27
15 11
13 7
37 26
24 1
38 17
30 6
27 28
4 10
28 31
31 37
5 11
29 30
3 23
47 46
25 38
40 10
4 16
31 24
16 52
6 26
30 39
16 51
40 2
17 18
32 22
22 25
52 43
47 3
45 15
43 35
52 28
9 30
33 9
14 21
10 29
43 45
15 16
8 43
37 3
11 16
24 8
12 27
27 21
25 5
39 13
13 26
2 1
26 2
0 49
14 33
3 28
27 11
45 34
26 44
7 2
5 30
20 26
3 34
27 33
16 10
6 29
30 46
19 7
17 11
41 16
49 27
44 5
18 16
33 40
23 40
52 13
8 6
32 3
20 48
9 7
12 52
36 9
34 9
15 25
11 9
35 20
0 18
24 15
12 18
50 22
41 28
13 19
26 13
0 8
52 24
29 16
3 5
20 35
28 11
2 50
31 14
5 7
52 2
27 38
51 37
23 52
47 43
21 36
4 44
19 12
43 38
32 36
20 15
3 49
42 28
23 18
40 36
34 38
50 25
37 43
18 37
32 44
34 0
8 19
28 35
11 14
14 9
15 12
13 12
2 19
26 20
0 15
41 29
41 12
4 13
19 47
2 13
30 42
24 34
3 16
29 34
1 32
25 35
6 15
17 5
7 14
22 34
20 22
18 2
42 7
16 30
6 33
10 44
43 22
41 42
22 4
46 1
18 28
33 28
23 1
4 6
14 16
12 0
45 46
10 16
15 21
13 5
0 6
24 3
38 23
27 30
51 13
25 2
19 52
2 4
50 10
9 51
5 9
3 25
31 26
5 19
20 29
27 42
42 14
23 32
6 24
19 0
17 16
41 19
31 32
35 37
33 21
23 30
45 13
34 18
18 49
42 50
31 47
36 12
10 27
34 12
15 18
47 48
35 17
52 38
12 21
27 23
51 18
25 11
41 48
16 20
14 39
29 21
49 24
30 10
4 25
30 36
5 28
29 15
3 36
27 35
42 9
16 12
4 39
28 36
8 34
7 26
20 2
9 35
42 19
28 48
47 10
21 3
45 6
32 5
22 8
37 32
44 29
23 13
38 47
45 32
10 2
34 7
46 11
37 10
0 20
14 4
1 17
2 22
51 46
3 7
51 1
49 17
30 13
4 0
2 48
0 32
31 8
29 8
3 45
51 39
6 10
19 14
8 41
7 19
31 22
20 9
3 51
18 9
42 26
16 25
40 38
43 34
17 36
51 35
22 3
18 35
23 10
12 45
45 25
10 13
34 30
11 0
14 15
40 28
12 11
25 21
50 44
2 17
26 18
0 1
38 18
3 12
1 12
49 10
4 15
19 49
2 11
0 39
24 36
5 14
29 1
51 44
25 33
6 13
4 21
29 36
2 37
41 6
22 32
20 16
22 39
42 5
23 37
47 24
30 32
17 29
22 26
5 50
9 32
18 26
33 18
23 3
47 6
45 18
10 52
8 28
35 4
48 51
14 22
40 41
12 2
36 7
10 30
25 30
5 48
13 3
11 31
0 24
12 24
50 32
25 0
26 7
24 43
14 34
20 49
3 27
6 4
21 52
4 28
47 50
7 1
20 31
3 33
42 12
23 34
17 22
7 31
22 29
52 25
18 21
33 43
23 24
52 47
12 35
34 16
35 13
42 48
14 25
38 42
36 14
10 25
34 10
15 28
35 19
0 31
24 12
14 3
12 23
36 20
51 20
25 9
39 9
13 22
28 37
52 23
26 14
50 3
24 50
29 19
3 0
4 27
26 40
0 43
5 26
29 13
3 38
48 46
51 32
6 17
19 11
8 36
7 20
5 36
20 12
9 33
33 44
40 33
21 1
10 38
8 10
22 14
37 46
50 21
44 31
9 11
47 30
23 15
45 30
10 0
8 16
11 13
20 45
24 19
14 10
12 14
36 19
1 23
25 18
15 3
39 6
13 15
2 20
26 9
11 35
1 9
45 0
4 2
2 14
50 20
5 3
29 6
6 8
19 16
40 5
17 0
31 16
46 24
29 32
18 7
6 34
10 33
6 42
33 31
23 4
16 45
8 23
8 46
13 46
11 2
35 1
9 22
14 13
10 21
25 27
15 8
11 24
0 3
24 0
27 29
1 2
4 9
19 51
24 38
5 12
20 52
1 36
25 39
30 28
4 23
19 25
2 35
41 4
20 18
48 44
16 18
6 37
17 19
7 32
46 5
35 32
18 24
23 39
42 40
32 11
44 43
9 31
33 10
14 20
10 28
13 1
11 17
26 27
0 26
38 11
1 27
25 6
39 18
13 27
2 0
26 5
0 48
14 32
29 24
25 40
47 29
15 52
76 2251
0 1 0 1 0 0 1 0 0 0 0 1 1 0 1 1 1 1 0 1 0 0 1 0 0 1 1 1 0 1 1 1 1 1 0 1 1 0 1 0 0 1 1 0 1 1 1 0 0 0 0 0 0 0 1 1 0 0 1 1 1 0 0 1 1 1 0 1 0 1 0 1 0 0 0 0 
31 6
14 74
40 22
43 3
7 25
29 44
68 25
1 64
44 34
9 0
15 30
20 75
13 20
52 17
20 58
3 2
64 20
50 27
53 62
1 40
4 35
33 34
2 73
58 26
22 12
12 50
37 54
42 67
52 24
0 14
38 31
3 11
28 1
50 18
53 7
1 33
40 4
8 45
68 15
16 29
2 64
58 37
41 43
22 7
26 74
9 50
12 41
34 26
42 74
24 73
10 19
49 52
13 6
70 57
0 5
38 22
25 3
28 24
50 13
33 67
40 11
4 17
26 34
7 4
65 5
46 33
33 60
16 20
54 33
19 1
22 30
61 49
9 59
66 60
47 2
12 32
34 21
62 48
45 40
10 26
0 28
38 9
28 23
33 68
14 38
58 68
4 24
29 48
33 53
54 56
19 6
5 39
61 74
66 55
30 49
17 44
62 59
10 5
13 56
70 43
35 23
0 19
55 72
63 24
75 13
4 7
26 52
46 51
29 9
51 36
16 2
41 30
22 40
5 32
61 67
9 37
47 16
34 39
13 74
6 65
62 34
10 12
67 53
30 75
70 34
35 28
25 22
14 48
1 13
4 14
26 63
51 45
54 10
19 20
58 57
41 7
5 41
9 46
30 35
17 30
23 0
6 56
32 8
35 5
18 55
38 50
25 31
11 28
1 6
39 17
26 6
46 61
29 27
54 13
19 29
5 18
27 45
30 42
17 23
0 73
55 38
59 35
42 41
23 25
62 44
10 62
67 35
32 15
13 35
60 2
11 21
14 2
18 65
26 1
51 59
15 33
19 34
22 61
27 34
0 64
20 3
42 16
23 22
6 42
45 5
49 66
70 23
18 41
38 44
40 73
11 10
14 5
1 16
75 41
39 7
47 71
51 0
54 31
2 49
27 59
66 18
47 52
17 1
56 36
42 27
10 32
50 75
17 66
35 56
8 22
63 37
11 3
14 12
36 25
61 15
44 73
48 12
73 20
2 8
24 37
27 48
47 61
30 31
55 13
20 17
3 59
59 54
42 2
10 43
31 36
35 33
18 27
3 72
43 33
14 23
36 0
56 67
2 3
27 9
47 58
30 6
56 50
20 24
3 32
31 45
35 38
21 7
43 38
8 4
7 52
14 30
36 15
32 68
39 50
12 16
15 5
73 6
2 26
27 14
10 74
0 44
20 39
6 22
64 9
28 39
32 34
18 13
29 64
58 7
44 54
7 66
48 49
12 15
51 28
15 2
52 5
0 35
20 46
60 69
23 51
6 9
31 19
53 34
18 4
57 39
40 41
7 42
46 3
33 30
16 50
72 47
58 14
44 45
48 40
12 6
16 65
15 11
37 26
20 70
24 1
27 28
20 53
3 23
25 38
31 24
21 18
7 35
63 70
9 30
15 16
73 57
37 3
24 8
27 21
49 0
13 26
0 49
3 28
25 47
64 30
57 49
29 43
33 40
36 35
9 7
12 52
34 9
15 25
73 34
37 12
24 15
13 19
0 8
3 5
25 48
64 21
28 11
31 14
21 36
4 44
7 17
29 36
36 42
2 70
31 75
61 62
44 26
69 46
34 0
13 12
52 25
0 15
25 57
32 69
1 32
40 5
4 43
8 46
7 14
46 31
29 61
16 30
72 75
54 47
41 42
22 4
5 52
37 62
45 46
10 16
49 43
13 5
0 6
74 53
38 23
25 2
8 70
50 10
53 15
1 57
21 54
26 35
46 38
29 54
54 38
19 0
41 19
61 48
66 61
51 70
34 18
17 42
42 50
10 27
67 70
70 49
35 17
38 14
25 11
63 18
50 5
14 39
53 8
75 23
21 63
4 25
26 42
29 15
12 73
16 12
9 35
66 52
47 10
30 54
69 25
52 71
56 2
37 32
23 13
62 56
45 32
10 2
49 37
70 40
0 20
27 65
50 60
53 17
4 0
65 22
29 8
51 39
19 14
41 29
9 36
66 15
47 19
69 2
34 36
17 36
59 20
42 36
23 10
6 70
45 25
10 13
67 52
30 72
18 61
25 21
64 72
14 49
72 24
53 26
1 12
4 15
29 1
51 44
2 37
41 6
22 32
47 24
30 32
17 29
23 3
45 18
10 52
35 4
74 41
25 30
63 9
11 31
50 46
72 31
22 72
26 7
48 24
29 26
5 17
17 22
55 33
42 22
23 24
13 34
35 13
38 42
60 3
50 41
14 3
36 20
1 30
75 51
39 9
26 14
48 31
29 19
54 5
19 37
2 55
22 50
5 26
47 46
17 15
20 12
24 71
6 43
64 46
10 38
31 49
35 50
60 26
8 16
11 13
50 32
14 10
72 13
36 19
1 23
39 6
26 9
19 42
2 14
5 3
30 21
17 0
3 53
23 46
6 34
10 33
70 15
18 33
74 66
3 66
8 23
63 36
11 2
14 13
48 13
68 64
73 27
19 51
24 38
5 12
30 28
34 67
20 18
23 39
6 37
64 60
35 32
18 24
57 19
3 75
43 32
63 45
28 65
33 10
14 20
69 74
75 38
26 27
48 4
12 26
73 28
2 0
27 8
10 64
49 27
30 7
52 48
55 5
20 25
3 35
23 60
6 28
28 41
32 44
31 44
35 41
18 19
40 60
21 6
60 39
8 5
29 70
68 39
33 3
14 31
72 34
53 64
36 8
12 17
51 22
49 28
20 32
23 53
6 23
32 35
25 71
18 10
40 35
21 15
8 12
7 44
11 41
33 4
36 55
39 42
9 19
12 8
51 31
37 16
2 18
27 6
49 21
52 6
0 36
20 47
3 17
6 14
31 18
18 5
38 64
21 8
4 48
60 53
43 23
8 51
7 37
65 38
11 46
68 21
16 51
52 67
39 35
44 46
9 20
15 10
73 55
20 71
24 2
62 19
52 13
74 30
55 16
3 22
6 1
64 24
31 27
53 42
21 17
7 34
65 63
46 11
11 39
33 22
16 42
71 1
36 37
58 22
61 43
9 29
34 15
15 19
37 2
24 9
27 20
66 73
49 7
13 25
52 20
50 30
14 72
57 48
40 24
21 26
7 27
46 18
16 33
1 70
44 28
48 39
12 53
15 24
42 70
13 18
3 4
64 22
50 25
40 31
21 35
65 9
16 24
36 43
58 24
22 2
44 27
9 15
73 42
37 52
24 23
10 22
38 29
3 13
28 3
33 72
1 39
57 66
40 6
21 44
4 20
8 47
65 2
48 70
29 60
58 35
5 51
26 72
9 48
47 7
12 43
34 24
59 0
5 68
62 15
10 17
67 64
13 4
0 7
25 1
8 71
28 26
50 11
1 56
26 32
7 6
33 50
16 22
44 9
47 12
51 73
34 19
50 64
37 38
62 54
13 61
0 30
25 10
50 2
1 49
4 26
51 33
16 13
19 8
19 72
22 23
66 53
30 55
17 34
42 58
10 3
35 25
0 21
55 74
25 19
53 16
1 10
4 1
26 50
46 49
29 7
16 4
2 43
41 28
61 65
9 43
47 18
34 37
56 10
59 23
42 37
45 24
13 47
70 32
25 20
63 3
11 25
50 52
53 25
1 3
75 4
39 26
4 8
26 61
29 0
19 22
2 34
41 5
22 33
5 23
69 10
17 28
56 17
26 69
23 2
13 40
35 7
18 53
38 48
60 5
25 29
63 8
18 68
1 4
22 73
26 4
19 31
5 16
27 47
30 40
55 32
59 37
42 23
23 27
6 49
13 33
70 18
18 44
64 71
11 23
14 0
72 7
71 49
1 29
39 8
26 15
48 16
29 18
15 35
54 26
22 51
20 13
23 16
6 40
35 53
18 39
57 0
40 72
60 27
8 17
36 28
1 22
75 43
26 22
15 40
73 17
24 32
5 2
52 35
17 7
42 25
23 41
6 35
67 19
18 30
3 69
63 39
28 75
11 5
68 50
14 18
36 27
32 66
44 75
51 11
15 49
2 6
24 39
5 11
10 70
55 15
42 0
23 38
6 26
10 41
32 22
18 25
3 74
43 35
33 9
14 21
72 60
48 5
12 27
56 69
19 59
2 1
27 11
49 26
20 26
3 34
23 63
6 29
31 47
18 16
75 65
60 32
8 6
71 21
36 9
61 31
48 60
12 18
24 53
10 72
30 15
59 70
23 52
32 36
31 20
75 70
40 36
43 17
7 47
72 42
53 72
9 18
48 51
12 9
69 72
15 12
2 19
0 37
55 26
3 16
60 71
25 35
6 15
31 29
18 2
43 22
7 36
46 1
33 28
16 52
71 11
61 17
12 0
69 49
15 21
24 3
62 16
27 30
52 14
20 55
3 25
25 36
31 26
40 18
43 15
49 73
33 21
58 23
41 53
12 63
34 12
15 18
73 63
37 1
24 10
27 23
31 3
53 50
57 55
4 39
8 34
7 26
65 55
29 41
68 4
16 34
36 45
22 8
44 29
12 54
34 7
37 10
62 2
49 63
52 28
3 7
45 75
28 5
50 22
31 8
1 45
21 34
4 46
8 41
7 19
29 34
33 39
16 25
72 70
22 3
44 20
9 14
12 45
34 30
17 62
59 10
62 5
13 10
0 1
38 18
3 12
32 71
53 4
1 38
75 27
40 7
4 21
65 1
68 10
22 26
5 50
26 73
9 55
47 6
23 66
34 25
17 55
10 30
13 3
0 24
25 0
8 72
50 8
14 34
53 13
1 63
40 14
21 52
4 28
7 1
65 26
29 52
16 23
41 17
22 29
12 35
51 72
34 16
59 24
42 48
45 37
10 25
49 34
35 19
0 31
38 12
25 9
28 18
50 3
14 37
1 48
21 61
4 27
26 40
65 19
46 47
29 13
51 32
63 72
19 11
58 50
22 20
5 36
9 33
47 20
69 7
17 33
37 46
23 15
24 70
45 30
10 0
74 37
25 18
63 5
1 9
21 70
4 2
65 20
29 6
16 5
36 72
19 16
2 40
58 61
66 13
47 29
17 26
56 11
42 34
23 4
62 33
67 54
13 46
35 1
60 15
25 27
11 24
1 2
39 21
4 9
51 46
19 25
2 35
41 4
34 61
17 19
42 45
45 16
10 50
32 11
13 39
38 49
42 68
11 17
50 44
14 62
1 27
39 18
26 5
29 24
15 37
54 0
5 31
30 41
34 52
75 73
56 25
20 7
42 20
23 26
45 9
10 61
43 63
22 65
26 12
48 17
15 34
54 27
22 48
5 24
47 40
30 16
17 13
20 14
42 31
23 19
6 41
64 32
45 2
10 36
67 45
18 36
57 7
38 35
43 52
11 15
14 8
71 41
1 21
26 23
48 8
15 43
19 44
2 12
24 33
5 1
47 49
30 27
52 44
17 6
23 40
32 16
43 45
11 4
14 19
12 29
68 66
2 7
5 10
27 53
47 62
30 2
52 43
20 28
23 33
28 44
67 27
32 23
31 33
35 34
18 22
57 17
60 42
43 34
7 56
33 8
14 26
72 61
71 31
39 54
61 5
26 25
23 74
27 10
30 5
52 50
55 7
3 37
42 8
28 43
32 46
18 17
57 26
43 27
7 49
65 42
44 70
33 1
14 29
12 19
51 24
15 6
37 21
2 25
24 54
27 3
49 18
30 12
52 57
55 28
20 34
60 73
53 38
18 8
40 37
21 13
60 56
43 16
65 35
33 26
36 49
9 17
12 10
37 30
74 21
55 21
20 41
3 19
25 34
6 12
28 57
18 3
21 22
4 50
7 39
46 6
11 32
49 74
71 10
1 74
61 16
9 26
12 1
16 68
15 20
73 53
37 7
24 4
27 17
20 48
6 7
28 48
31 5
53 40
21 31
43 14
7 28
63 67
68 30
33 20
9 3
69 57
15 29
73 62
24 11
13 23
52 22
0 52
3 1
25 44
28 15
50 28
31 2
21 24
43 7
7 21
65 54
48 74
29 40
33 45
36 46
2 74
41 61
22 9
34 4
73 39
37 9
24 18
49 62
13 16
52 29
0 11
3 6
28 6
50 23
57 63
40 1
21 33
7 18
29 33
16 26
22 0
61 59
12 46
24 25
49 55
13 9
26 70
0 2
74 9
38 19
69 73
28 29
21 42
4 22
7 11
65 0
46 34
16 17
54 34
19 70
58 33
22 27
5 49
44 12
66 33
69 20
34 22
17 54
49 40
13 2
0 25
38 10
25 7
14 35
75 19
40 15
7 0
65 25
33 48
16 8
41 16
22 18
44 11
27 69
47 14
69 29
34 17
17 47
42 49
5 75
6 75
24 69
45 36
10 6
49 33
70 52
35 18
0 16
38 13
28 19
1 55
51 35
16 15
54 60
22 21
5 35
61 70
44 2
9 32
47 23
69 6
34 40
17 32
37 45
59 16
6 66
67 48
0 23
38 4
25 17
72 20
1 8
75 1
39 31
4 3
29 5
12 67
51 40
41 2
22 44
9 41
30 60
69 15
23 7
62 38
10 8
14 52
72 27
4 10
26 59
46 62
29 30
54 14
2 32
22 39
5 21
47 37
30 39
17 18
45 15
32 12
70 25
35 9
18 51
11 16
50 45
14 63
75 63
39 13
31 70
26 2
46 65
19 33
41 12
22 62
5 30
27 33
47 34
30 46
17 11
56 26
67 39
32 3
70 16
18 42
38 41
43 62
11 9
72 9
75 52
26 13
29 16
15 45
19 38
2 50
5 7
27 38
47 43
52 38
0 68
55 59
20 15
3 49
59 60
42 28
23 18
32 26
31 50
18 37
60 21
8 19
63 56
11 14
68 53
14 9
26 20
15 42
19 47
2 13
24 34
5 0
47 48
30 24
17 5
20 22
42 7
23 43
6 33
64 56
10 44
18 28
43 44
8 26
63 33
11 7
14 16
71 33
26 31
68 67
51 13
19 52
2 4
5 9
20 29
42 14
23 32
6 24
64 63
28 45
31 32
70 5
35 37
57 16
7 59
72 62
36 12
12 21
51 18
56 71
19 61
24 48
49 24
30 10
52 51
3 36
59 67
42 9
6 19
28 36
35 42
75 67
21 3
7 48
65 41
33 0
16 56
71 23
36 11
39 46
23 72
19 66
2 22
24 55
49 17
30 13
52 58
35 66
0 32
55 31
20 35
3 45
23 54
6 10
64 13
28 35
31 22
18 9
57 34
40 38
44 72
65 34
11 42
16 63
36 50
44 50
9 16
12 11
2 17
49 10
0 39
25 33
6 13
53 46
11 35
33 18
71 5
36 57
44 41
48 44
12 2
15 23
73 52
20 66
24 5
0 62
74 29
20 49
3 27
6 4
8 61
7 31
29 46
33 43
16 45
1 66
48 35
34 10
15 28
24 12
13 22
52 23
0 53
3 0
25 51
28 8
31 13
1 42
40 27
46 70
8 36
7 20
48 75
29 39
71 75
33 44
16 36
72 65
36 47
2 75
41 60
22 14
44 31
9 11
66 44
34 5
37 8
24 19
45 56
13 15
25 75
45 73
50 20
53 57
1 35
40 2
8 43
7 13
65 14
46 24
29 32
2 66
58 39
41 37
69 21
34 28
10 21
49 54
0 3
1 36
4 23
7 10
65 7
16 18
54 35
41 46
5 48
66 62
59 5
24 68
10 28
13 1
70 50
0 26
38 11
25 6
8 74
28 21
14 32
1 61
58 70
7 3
65 24
19 4
22 19
5 57
9 62
47 9
30 51
69 28
34 46
42 62
6 72
10 7
30 66
13 58
0 17
25 15
32 72
50 1
75 11
4 5
46 45
29 11
51 34
16 0
36 67
19 13
2 47
58 48
61 69
9 39
47 22
69 5
34 41
23 9
62 60
35 26
55 71
25 16
14 50
53 29
1 15
75 0
4 12
29 4
16 7
2 38
5 43
9 40
47 31
69 14
34 32
17 24
59 40
23 6
45 21
10 9
13 44
11 26
72 28
1 0
75 57
46 73
4 11
19 27
2 33
47 36
30 36
34 59
56 20
42 43
23 31
45 14
10 48
49 75
32 13
35 8
18 48
63 53
11 19
71 53
18 67
1 25
39 12
43 73
26 3
48 28
15 39
54 6
22 63
5 29
27 32
17 10
55 61
20 1
42 18
23 20
6 52
45 7
32 4
35 49
38 46
60 31
29 72
11 8
36 16
1 18
22 71
26 10
48 19
47 69
19 41
5 6
30 22
52 39
17 3
20 8
3 48
23 45
6 47
64 34
45 0
10 34
32 27
25 67
60 22
43 54
8 20
72 49
71 43
48 10
47 66
68 69
51 7
54 16
24 35
5 15
9 68
47 51
52 46
17 4
55 51
3 57
42 4
10 45
70 3
18 29
57 14
11 6
14 17
39 59
26 28
51 12
15 50
2 5
24 42
5 8
30 0
39 72
23 35
6 25
28 46
67 29
32 41
31 35
18 20
8 2
63 41
68 36
33 14
36 13
48 56
12 22
51 21
56 72
19 60
2 28
0 42
20 37
6 16
28 37
35 45
18 15
40 32
8 9
7 51
29 66
33 7
36 52
39 41
48 63
12 13
2 23
27 5
35 69
0 33
6 11
64 14
32 39
18 6
57 33
40 39
43 18
8 48
7 40
11 45
16 48
72 45
71 15
44 51
48 54
12 4
73 50
20 68
27 26
52 2
35 74
0 56
25 32
6 2
64 5
31 30
57 42
38 68
21 20
43 11
46 4
11 34
68 17
58 11
41 49
9 24
12 3
69 62
15 22
37 5
20 67
0 63
20 50
6 5
28 50
53 54
57 51
40 21
39 71
7 30
46 15
29 45
16 46
36 33
41 58
69 39
34 11
17 65
24 13
45 62
66 69
20 57
31 12
1 41
40 28
21 38
8 37
65 52
68 7
36 40
41 35
61 32
44 24
9 10
12 49
24 20
62 1
13 14
52 31
0 13
3 8
28 0
50 21
21 47
46 25
11 73
16 28
72 73
54 41
22 6
61 57
44 23
9 51
69 41
24 27
45 48
13 7
70 56
38 17
8 68
28 31
40 10
21 40
4 16
7 5
41 45
22 25
9 52
47 3
51 68
10 29
49 46
38 8
25 5
14 33
75 21
26 44
7 2
16 10
36 69
19 7
17 71
22 16
44 5
27 71
47 8
34 47
17 45
59 29
62 58
45 34
13 57
35 20
0 18
50 62
53 19
4 6
46 50
12 70
51 37
54 50
19 12
61 68
44 65
34 38
17 38
37 43
59 18
70 45
55 70
38 58
14 51
4 13
19 21
2 39
22 34
5 42
47 30
69 13
17 31
42 33
23 1
62 36
31 65
70 36
35 2
74 43
38 61
50 48
71 63
75 56
39 22
46 60
5 19
27 42
47 39
34 56
17 16
0 72
42 40
23 30
45 13
67 32
13 36
18 49
38 52
11 18
72 4
75 49
39 15
29 21
51 56
15 38
54 7
2 57
5 28
27 35
30 44
17 9
56 28
20 2
59 57
42 19
45 6
32 5
38 47
50 34
14 4
1 17
39 4
48 20
51 1
15 47
2 48
22 55
9 66
34 74
55 53
20 9
3 51
42 26
6 44
64 35
67 46
32 28
70 9
18 35
57 4
43 41
65 68
11 0
68 55
14 15
26 18
48 11
68 70
15 52
73 21
19 49
2 11
24 36
5 14
27 49
47 50
52 47
20 16
42 5
23 37
6 39
50 69
31 37
35 62
18 26
43 46
8 28
28 71
11 57
68 62
14 22
36 7
75 36
44 71
47 74
12 24
73 30
24 43
10 66
47 59
55 11
20 31
3 33
42 12
23 34
32 42
18 21
4 64
43 39
8 3
63 40
11 62
14 25
36 14
12 23
51 20
15 58
56 73
2 29
24 50
0 43
20 38
3 38
6 17
28 38
32 33
40 33
21 1
8 10
29 65
16 58
54 75
58 6
12 14
51 29
15 3
73 8
2 20
50 65
52 4
35 68
39 66
20 45
3 47
23 48
6 8
32 56
31 16
18 7
4 54
43 21
8 49
7 43
33 31
36 60
58 1
61 20
9 22
48 55
12 5
69 52
15 8
21 72
24 0
27 29
20 52
25 39
6 3
64 6
28 52
32 63
14 67
57 41
21 19
7 32
46 5
36 59
41 48
44 43
9 31
48 46
24 7
62 20
66 75
49 1
13 27
52 10
0 48
20 51
25 40
47 2513
0 1 0 0 0 1 1 0 0 0 1 1 0 0 1 0 0 0 1 1 1 0 0 1 0 0 1 1 0 1 0 0 1 0 1 0 1 1 0 0 1 1 0 0 0 0 1 
31 6
14 74
40 22
21 28
4 36
43 3
7 25
29 44
68 25
1 64
44 34
9 0
15 30
20 75
13 20
52 17
20 58
3 2
64 20
50 27
53 62
1 40
21 37
4 35
7 22
33 34
36 41
2 73
58 26
22 12
12 50
37 54
42 67
52 24
0 14
38 31
3 11
28 1
50 18
53 7
1 33
40 4
8 45
46 30
68 15
16 29
2 64
58 37
41 43
22 7
26 74
9 50
12 41
34 26
42 74
24 73
10 19
49 52
13 6
70 57
0 5
38 22
25 3
28 24
50 13
33 67
40 11
4 17
26 34
7 4
65 5
46 33
33 60
16 20
54 33
19 1
22 30
61 49
44 15
9 59
66 60
47 2
12 32
34 21
62 48
45 40
10 26
0 28
38 9
25 4
28 23
33 68
14 38
58 68
4 24
46 40
29 48
33 53
54 56
19 6
5 39
61 74
66 55
30 49
17 44
62 59
10 5
13 56
70 43
35 23
0 19
55 72
38 0
63 24
75 13
4 7
26 52
46 51
29 9
51 36
16 2
41 30
22 40
5 32
61 67
9 37
47 16
34 39
17 37
13 74
6 65
62 34
10 12
67 53
30 75
70 34
35 28
25 22
14 48
1 13
4 14
26 63
51 45
54 10
19 20
58 57
41 7
5 41
9 46
30 35
17 30
42 46
23 0
6 56
45 19
32 8
13 42
35 5
18 55
38 50
25 31
11 28
1 6
39 17
26 6
46 61
29 27
54 13
19 29
41 8
5 18
27 45
30 42
17 23
0 73
55 38
59 35
42 41
23 25
62 44
10 62
67 35
32 15
13 35
60 2
11 21
14 2
18 65
1 31
26 1
51 59
15 33
19 34
22 61
27 34
30 45
0 64
20 3
42 16
23 22
6 42
45 5
49 66
70 23
18 41
38 44
40 73
11 10
14 5
1 16
75 41
39 7
47 71
51 0
54 31
2 49
5 4
27 59
66 18
47 52
17 1
56 36
42 27
6 45
10 32
50 75
17 66
35 56
18 32
38 39
8 22
63 37
11 3
14 12
36 25
61 15
44 73
48 12
73 20
2 8
24 37
27 48
47 61
30 31
55 13
20 17
3 59
59 54
42 2
10 43
31 36
35 33
18 27
3 72
43 33
14 23
36 0
12 25
56 67
2 3
27 9
47 58
30 6
56 50
20 24
3 32
32 43
31 45
35 38
21 7
43 38
8 4
7 52
14 30
36 15
32 68
39 50
12 16
15 5
73 6
2 26
27 14
10 74
34 45
0 44
20 39
6 22
64 9
28 39
32 34
31 42
18 13
21 0
29 64
58 7
39 43
44 54
7 66
48 49
12 15
51 28
15 2
2 21
52 5
0 35
20 46
60 69
23 51
6 9
31 19
53 34
18 4
57 39
40 41
21 9
7 42
46 3
33 30
16 50
72 47
58 14
39 32
44 45
48 40
12 6
16 65
15 11
37 26
20 70
24 1
27 28
20 53
3 23
44 16
25 38
6 0
31 24
21 18
7 35
63 70
16 41
37 20
44 36
9 30
15 16
73 57
37 3
24 8
27 21
49 0
13 26
21 29
0 49
3 28
25 47
64 30
31 1
57 49
40 23
7 24
29 43
33 40
36 35
44 35
9 7
12 52
34 9
15 25
73 34
37 12
24 15
13 19
0 8
3 5
25 48
64 21
28 11
31 14
21 36
4 44
7 17
29 36
36 42
2 70
41 33
22 13
31 75
61 62
44 26
9 8
69 46
34 0
13 12
52 25
0 15
3 10
25 57
32 69
1 32
40 5
21 45
4 43
8 46
7 14
46 31
29 61
16 30
72 75
54 47
41 42
22 4
5 52
37 62
45 46
10 16
49 43
13 5
0 6
74 53
38 23
25 2
8 70
50 10
53 15
1 57
21 54
26 35
46 38
29 54
16 21
54 38
19 0
41 19
61 48
66 61
12 33
51 70
34 18
17 42
42 50
10 27
67 70
70 49
35 17
0 29
38 14
25 11
63 18
50 5
14 39
53 8
75 23
21 63
4 25
26 42
29 15
12 73
16 12
41 20
9 35
66 52
47 10
30 54
69 25
52 71
56 2
37 32
23 13
62 56
45 32
10 2
49 37
70 40
0 20
38 1
27 65
50 60
14 46
53 17
4 0
65 22
29 8
51 39
19 14
2 42
41 29
9 36
66 15
47 19
69 2
34 36
17 36
37 41
59 20
42 36
23 10
6 70
45 25
10 13
67 52
30 72
18 61
25 21
64 72
14 49
72 24
53 26
1 12
4 15
29 1
51 44
2 37
41 6
22 32
5 40
47 24
30 32
17 29
23 3
45 18
10 52
13 41
35 4
74 41
25 30
63 9
11 31
50 46
72 31
1 5
22 72
26 7
48 24
29 26
5 17
27 44
17 22
55 33
42 22
23 24
13 34
35 13
38 42
60 3
50 41
14 3
36 20
1 30
75 51
39 9
26 14
48 31
29 19
15 32
54 5
19 37
2 55
22 50
5 26
47 46
17 15
20 12
24 71
6 43
64 46
10 38
31 49
35 50
60 26
8 16
11 13
50 32
14 10
72 13
36 19
1 23
39 6
26 9
15 41
19 42
2 14
5 3
30 21
17 0
3 53
42 24
23 46
6 34
10 33
70 15
18 33
74 66
3 66
8 23
63 36
11 2
14 13
48 13
68 64
73 27
19 51
24 38
5 12
30 28
34 67
20 18
42 3
23 39
6 37
64 60
10 40
32 21
35 32
18 24
57 19
3 75
43 32
63 45
28 65
33 10
14 20
36 1
69 74
75 38
26 27
48 4
12 26
73 28
2 0
27 8
10 64
49 27
30 7
52 48
55 5
20 25
3 35
23 60
6 28
28 41
32 44
31 44
35 41
18 19
40 60
21 6
60 39
43 25
8 5
29 70
68 39
33 3
14 31
72 34
53 64
36 8
39 45
12 17
51 22
27 1
49 28
30 14
20 32
23 53
6 23
32 35
25 71
35 46
18 10
40 35
21 15
8 12
7 44
11 41
33 4
36 55
39 42
9 19
12 8
51 31
37 16
2 18
27 6
49 21
52 6
0 36
20 47
3 17
6 14
31 18
18 5
38 64
21 8
4 48
60 53
43 23
8 51
7 37
65 38
46 0
11 46
68 21
16 51
52 67
39 35
44 46
9 20
15 10
73 55
37 25
20 71
24 2
62 19
52 13
74 30
55 16
3 22
6 1
64 24
31 27
53 42
21 17
7 34
65 63
46 11
11 39
33 22
16 42
71 1
36 37
58 22
61 43
9 29
34 15
15 19
37 2
24 9
27 20
66 73
49 7
13 25
52 20
50 30
14 72
57 48
40 24
21 26
26 17
7 27
46 18
29 42
16 33
1 70
22 11
44 28
48 39
12 53
34 6
15 24
42 70
13 18
3 4
64 22
50 25
31 9
1 46
40 31
21 35
4 45
8 40
65 9
16 24
36 43
58 24
22 2
44 27
9 15
73 42
37 52
24 23
10 22
13 11
38 29
3 13
28 3
33 72
1 39
57 66
40 6
21 44
4 20
8 47
7 9
65 2
48 70
29 60
58 35
5 51
26 72
9 48
47 7
12 43
34 24
59 0
24 30
5 68
62 15
10 17
67 64
13 4
0 7
25 1
8 71
28 26
50 11
1 56
26 32
7 6
33 50
16 22
41 18
44 9
47 12
12 34
51 73
34 19
17 41
50 64
37 38
62 54
45 38
13 61
0 30
38 15
25 10
50 2
14 36
1 49
4 26
51 33
16 13
19 8
19 72
22 23
66 53
30 55
17 34
42 58
23 12
10 3
35 25
0 21
55 74
25 19
53 16
1 10
4 1
26 50
46 49
29 7
16 4
19 17
2 43
46 17
41 28
5 46
61 65
9 43
47 18
34 37
56 10
59 23
42 37
45 24
13 47
70 32
25 20
63 3
11 25
50 52
53 25
1 3
75 4
39 26
4 8
26 61
29 0
19 22
2 34
41 5
22 33
5 23
30 33
69 10
17 28
56 17
26 69
23 2
13 40
35 7
18 53
38 48
60 5
25 29
63 8
18 68
1 4
22 73
26 4
19 31
41 14
5 16
27 47
30 40
55 32
59 37
42 23
23 27
6 49
13 33
70 18
35 12
18 44
64 71
11 23
14 0
72 7
71 49
1 29
39 8
26 15
48 16
29 18
15 35
54 26
22 51
17 14
20 13
23 16
6 40
10 39
35 53
18 39
57 0
40 72
60 27
8 17
36 28
1 22
75 43
39 1
26 22
15 40
73 17
24 32
5 2
30 26
52 35
17 7
42 25
23 41
6 35
67 19
32 31
18 30
38 37
3 69
43 42
8 24
63 39
28 75
11 5
68 50
14 18
36 27
32 66
44 75
12 28
51 11
15 49
2 6
24 39
5 11
10 70
55 15
20 19
42 0
23 38
6 26
10 41
32 22
18 25
3 74
43 35
33 9
14 21
72 60
48 5
12 27
56 69
19 59
2 1
27 11
49 26
20 26
3 34
23 63
6 29
32 45
31 47
18 16
75 65
21 5
60 32
8 6
71 21
36 9
61 31
48 60
12 18
24 53
10 72
30 15
3 43
59 70
23 52
6 20
28 33
32 36
31 20
18 11
75 70
40 36
21 14
43 17
7 47
11 40
72 42
53 72
39 37
9 18
48 51
12 9
69 72
15 12
2 19
0 37
55 26
20 40
3 16
60 71
25 35
6 15
31 29
18 2
21 23
43 22
7 36
46 1
33 28
16 52
71 11
61 17
12 0
69 49
15 21
24 3
62 16
27 30
52 14
20 55
3 25
25 36
31 26
40 18
43 15
11 38
49 73
33 21
58 23
41 53
12 63
34 12
15 18
73 63
37 1
24 10
27 23
31 3
53 50
57 55
4 39
43 4
8 34
7 26
65 55
29 41
68 4
16 34
36 45
22 8
44 29
12 54
34 7
37 10
24 17
62 2
49 63
52 28
38 27
3 7
45 75
28 5
50 22
31 8
1 45
21 34
4 46
8 41
7 19
29 34
33 39
16 25
72 70
41 39
22 3
44 20
9 14
12 45
34 30
17 62
59 10
62 5
10 23
13 10
0 1
38 18
3 12
32 71
53 4
1 38
75 27
40 7
21 43
4 21
26 38
65 1
46 29
68 10
41 40
22 26
5 50
26 73
9 55
47 6
23 66
34 25
17 55
45 44
10 30
13 3
0 24
25 0
8 72
50 8
14 34
53 13
1 63
40 14
21 52
4 28
26 33
7 1
65 26
29 52
16 23
41 17
22 29
44 10
12 35
51 72
34 16
17 40
59 24
42 48
45 37
10 25
49 34
35 19
0 31
38 12
25 9
28 18
50 3
14 37
1 48
21 61
4 27
26 40
65 19
46 47
29 13
51 32
63 72
19 11
58 50
22 20
5 36
9 33
47 20
69 7
34 43
17 33
37 46
23 15
24 70
45 30
10 0
35 24
74 37
25 18
63 5
1 9
21 70
4 2
65 20
29 6
16 5
36 72
19 16
2 40
58 61
41 3
66 13
47 29
17 26
56 11
42 34
23 4
62 33
67 54
13 46
35 1
60 15
25 27
11 24
1 2
39 21
4 9
29 31
51 46
19 25
2 35
41 4
34 61
17 19
42 45
45 16
10 50
32 11
13 39
38 49
25 28
42 68
11 17
50 44
14 62
1 27
39 18
26 5
29 24
15 37
54 0
19 30
5 31
27 46
30 41
34 52
75 73
56 25
20 7
42 20
23 26
45 9
10 61
38 40
43 63
22 65
13 43
26 12
48 17
15 34
54 27
22 48
5 24
47 40
30 16
17 13
20 14
42 31
23 19
6 41
64 32
45 2
10 36
67 45
18 36
57 7
38 35
43 52
11 15
14 8
71 41
1 21
39 0
26 23
48 8
15 43
19 44
2 12
24 33
5 1
47 49
30 27
52 44
17 6
23 40
6 32
32 16
43 45
8 25
11 4
14 19
12 29
68 66
2 7
24 40
5 10
27 53
47 62
30 2
52 43
20 28
23 33
6 27
28 44
67 27
32 23
31 33
35 34
18 22
57 17
60 42
43 34
8 0
7 56
33 8
14 26
72 61
71 31
36 3
39 54
61 5
26 25
23 74
27 10
30 5
52 50
55 7
3 37
42 8
28 43
32 46
35 43
18 17
57 26
43 27
8 7
7 49
65 42
44 70
33 1
14 29
12 19
51 24
15 6
37 21
2 25
24 54
27 3
49 18
30 12
52 57
55 28
20 34
60 73
53 38
18 8
40 37
21 13
60 56
43 16
65 35
33 26
36 49
39 36
9 17
12 10
37 30
2 16
74 21
55 21
20 41
3 19
25 34
6 12
28 57
18 3
21 22
4 50
7 39
46 6
11 32
49 74
33 19
71 10
1 74
61 16
44 40
9 26
12 1
16 68
15 20
73 53
37 7
24 4
27 17
20 48
6 7
28 48
31 5
53 40
21 31
43 14
7 28
63 67
46 9
68 30
33 20
9 3
69 57
15 29
73 62
24 11
13 23
52 22
0 52
3 1
25 44
28 15
50 28
31 2
40 26
21 24
4 32
43 7
7 21
65 54
48 74
29 40
33 45
36 46
2 74
41 61
22 9
34 4
73 39
37 9
24 18
49 62
13 16
52 29
0 11
3 6
28 6
50 23
31 11
1 44
57 63
40 1
21 33
7 18
29 33
33 38
16 26
22 0
61 59
12 46
24 25
49 55
13 9
26 70
0 2
74 9
38 19
3 15
69 73
28 29
21 42
4 22
26 39
7 11
65 0
46 34
16 17
54 34
19 70
58 33
22 27
5 49
44 12
66 33
69 20
34 22
17 54
45 43
49 40
13 2
0 25
38 10
25 7
28 20
14 35
75 19
40 15
4 29
7 0
65 25
33 48
16 8
41 16
22 18
44 11
27 69
47 14
69 29
34 17
17 47
42 49
5 75
6 75
24 69
45 36
10 6
49 33
70 52
35 18
0 16
38 13
28 19
1 55
26 41
51 35
16 15
54 60
19 10
2 46
41 25
22 21
5 35
61 70
44 2
9 32
47 23
69 6
34 40
17 32
37 45
59 16
6 66
45 29
10 1
67 48
35 27
0 23
38 4
25 17
72 20
1 8
75 1
39 31
4 3
29 5
12 67
51 40
16 6
41 2
22 44
5 44
9 41
30 60
69 15
23 7
62 38
10 8
14 52
72 27
39 20
4 10
26 59
46 62
29 30
54 14
2 32
22 39
5 21
27 40
47 37
30 39
17 18
23 28
45 15
32 12
70 25
35 9
18 51
11 16
50 45
14 63
75 63
39 13
31 70
26 2
46 65
19 33
41 12
22 62
5 30
27 33
47 34
30 46
17 11
56 26
67 39
32 3
70 16
18 42
38 41
43 62
11 9
14 6
72 9
75 52
26 13
29 16
15 45
19 38
2 50
5 7
27 38
47 43
30 17
52 38
0 68
55 59
20 15
3 49
59 60
42 28
23 18
32 26
31 50
18 37
60 21
8 19
63 56
11 14
68 53
14 9
1 20
26 20
15 42
19 47
2 13
24 34
5 0
47 48
30 24
17 5
20 22
42 7
23 43
6 33
64 56
10 44
18 28
43 44
8 26
63 33
11 7
14 16
71 33
26 31
68 67
51 13
19 52
2 4
5 9
20 29
42 14
23 32
6 24
64 63
28 45
32 40
31 32
70 5
35 37
18 23
57 16
43 37
8 1
7 59
72 62
36 12
12 21
51 18
56 71
19 61
24 48
49 24
30 10
52 51
20 36
3 36
59 67
42 9
6 19
28 36
31 41
35 42
75 67
21 3
43 26
7 48
65 41
33 0
16 56
71 23
36 11
39 46
23 72
19 66
2 22
24 55
27 2
49 17
30 13
52 58
35 66
0 32
55 31
20 35
3 45
23 54
6 10
64 13
28 35
32 38
31 22
18 9
57 34
40 38
44 72
43 19
7 41
65 34
11 42
33 25
16 63
36 50
44 50
9 16
12 11
2 17
49 10
0 39
3 18
25 33
6 13
53 46
46 7
11 35
33 18
71 5
36 57
44 41
9 25
48 44
12 2
15 23
73 52
20 66
24 5
0 62
74 29
20 49
3 27
25 42
6 4
31 4
43 1
8 61
7 31
29 46
33 43
16 45
36 32
1 66
48 35
34 10
15 28
37 15
24 12
13 22
52 23
0 53
3 0
25 51
28 8
31 13
1 42
40 27
46 70
8 36
7 20
48 75
29 39
71 75
33 44
16 36
72 65
36 47
2 75
41 60
22 14
44 31
9 11
66 44
34 5
37 8
24 19
45 56
13 15
0 12
38 25
25 75
45 73
50 20
31 10
53 57
1 35
40 2
4 40
8 43
7 13
65 14
46 24
29 32
33 37
16 27
2 66
58 39
41 37
44 22
69 21
34 28
10 21
49 54
0 3
38 16
3 14
1 36
4 23
26 36
7 10
65 7
16 18
54 35
41 46
5 48
66 62
59 5
24 68
10 28
13 1
70 50
0 26
38 11
25 6
8 74
28 21
14 32
1 61
58 70
4 30
7 3
65 24
16 9
19 4
41 23
22 19
5 57
9 62
47 9
30 51
69 28
34 46
42 62
6 72
45 35
10 7
30 66
13 58
0 17
25 15
32 72
50 1
75 11
4 5
46 45
29 11
51 34
16 0
36 67
19 13
2 47
58 48
5 34
61 69
44 3
9 39
47 22
69 5
34 41
23 9
62 60
35 26
55 71
38 5
25 16
14 50
53 29
1 15
75 0
4 12
29 4
16 7
2 38
5 43
9 40
47 31
69 14
34 32
17 24
59 40
23 6
45 21
10 9
13 44
35 3
11 26
72 28
1 0
75 57
46 73
4 11
19 27
2 33
47 36
30 36
34 59
56 20
42 43
23 31
45 14
10 48
49 75
32 13
35 8
18 48
63 53
11 19
71 53
18 67
1 25
39 12
43 73
26 3
48 28
15 39
54 6
19 32
22 63
5 29
27 32
17 10
55 61
20 1
42 18
23 20
6 52
45 7
32 4
35 49
38 46
60 31
29 72
11 8
14 7
36 16
1 18
39 5
22 71
26 10
48 19
47 69
19 41
5 6
30 22
52 39
17 3
20 8
3 48
23 45
6 47
64 34
45 0
10 34
32 27
25 67
60 22
43 54
8 20
11 1
72 49
71 43
36 31
39 2
48 10
47 66
68 69
51 7
54 16
19 46
24 35
5 15
9 68
47 51
52 46
17 4
55 51
20 23
3 57
42 4
23 42
10 45
70 3
18 29
57 14
11 6
14 17
39 59
26 28
51 12
15 50
2 5
24 42
5 8
30 0
39 72
23 35
6 25
28 46
67 29
32 41
31 35
18 20
43 36
8 2
63 41
68 36
33 14
14 24
36 13
48 56
12 22
51 21
56 72
19 60
2 28
27 12
30 11
0 42
20 37
3 39
6 16
28 37
31 40
35 45
18 15
40 32
8 9
7 51
29 66
33 7
36 52
39 41
48 63
12 13
2 23
27 5
35 69
0 33
6 11
64 14
32 39
18 6
57 33
40 39
43 18
8 48
7 40
11 45
16 48
72 45
71 15
44 51
48 54
12 4
73 50
20 68
27 26
52 2
35 74
0 56
20 43
3 21
25 32
6 2
64 5
31 30
18 1
57 42
38 68
21 20
43 11
46 4
11 34
68 17
58 11
41 49
44 42
9 24
12 3
69 62
15 22
37 5
20 67
24 6
0 63
20 50
6 5
28 50
53 54
57 51
40 21
39 71
7 30
46 15
29 45
16 46
36 33
41 58
69 39
34 11
17 65
24 13
45 62
66 69
20 57
44 18
28 9
31 12
1 41
40 28
21 38
8 37
65 52
68 7
36 40
41 35
61 32
44 24
9 10
12 49
34 2
24 20
62 1
13 14
52 31
0 13
3 8
28 0
50 21
21 47
8 44
7 12
46 25
11 73
16 28
72 73
39 28
54 41
22 6
61 57
44 23
9 51
69 41
24 27
45 48
10 18
13 7
70 56
38 17
8 68
28 31
40 10
21 40
4 16
7 5
41 45
22 25
44 14
9 52
47 3
51 68
10 29
49 46
38 8
25 5
28 22
14 33
75 21
26 44
7 2
16 10
36 69
19 7
17 71
22 16
44 5
27 71
47 8
34 47
17 45
37 34
59 29
62 58
45 34
13 57
35 20
0 18
50 62
53 19
4 6
46 50
12 70
51 37
54 50
19 12
61 68
44 65
34 38
17 38
37 43
59 18
70 45
55 70
38 58
14 51
39 25
4 13
19 21
2 39
22 34
5 42
47 30
69 13
17 31
42 33
23 1
62 36
31 65
70 36
35 2
74 43
38 61
50 48
71 63
1 7
75 56
39 22
46 60
22 37
5 19
27 42
47 39
34 56
17 16
0 72
42 40
23 30
45 13
67 32
13 36
18 49
38 52
11 18
72 4
75 49
39 15
29 21
51 56
15 38
54 7
2 57
5 28
27 35
30 44
17 9
56 28
20 2
59 57
42 19
45 6
32 5
18 40
38 47
50 34
14 4
36 17
1 17
39 4
48 20
51 1
15 47
2 48
22 55
9 66
34 74
55 53
20 9
3 51
42 26
6 44
64 35
10 35
67 46
32 28
70 9
18 35
57 4
43 41
8 21
65 68
11 0
68 55
14 15
36 24
26 18
48 11
68 70
15 52
73 21
19 49
2 11
24 36
5 14
27 49
47 50
52 47
20 16
42 5
23 37
6 39
50 69
31 37
35 62
18 26
43 46
8 28
28 71
11 57
68 62
14 22
36 7
75 36
44 71
47 74
12 24
73 30
24 43
10 66
47 59
55 11
20 31
3 33
42 12
23 34
32 42
31 34
18 21
4 64
43 39
8 3
63 40
11 62
14 25
36 14
12 23
51 20
15 58
56 73
2 29
24 50
0 43
20 38
3 38
6 17
28 38
32 33
40 33
21 1
8 10
29 65
16 58
54 75
58 6
12 14
51 29
15 3
73 8
2 20
50 65
52 4
35 68
39 66
20 45
3 47
23 48
6 8
32 56
31 16
18 7
21 10
4 54
43 21
8 49
7 43
33 31
36 60
58 1
39 33
61 20
9 22
48 55
12 5
69 52
15 8
21 72
24 0
27 29
20 52
3 20
25 39
6 3
64 6
28 52
32 63
31 25
14 67
57 41
21 19
43 10
7 32
46 5
16 40
36 59
41 48
44 43
9 31
48 46
24 7
62 20
66 75
49 1
13 27
52 10
0 48
20 51
3 29
25 40
0 0
